2
12
21
29
36
37
40
52
55
57
65
69
79
80
82
83
87
89
91
104
107
113
116
126
130
134
144
153
156
164
176
180
201
202
204
212
213
217
218
222
226
228
230
233
237
240
243
251
253
254
257
260
261
265
268
277
279
282
284
287
301
308
314
330
331
339
340
344
351
352
357
359
360
361
379
381
387
392
395
396
400
408
411
438
439
442
458
468
486
502
505
510
515
525
527
537
545
548
563
564
568
579
581
583
604
608
630
634
644
653
654
658
659
660
668
673
674
687
691
693
712
726
727
737
752
763
765
767
769
782
788
801
806
808
809
826
828
835
839
843
845
848
857
868
869
873
881
886
898
901
902
906
912
915
920
922
924
925
928
933
936
939
953
957
976
977
980
988
989
993
1004
1007
1008
1010
1017
1018
1024
1027
1036
1053
1059
1060
1073
1075
1080
1081
1083
1086
1090
1091
1095
1103
1109
1112
1116
1118
1126
1128
1130
1133
1136
1141
1144
1154
1160
1161
1174
1188
1193
1198
1201
1205
1207
1211
1213
1215
1218
1221
1222
1227
1235
1242
1244
1249
1253
1256
1257
1265
1266
1272
1278
1281
1292
1306
1307
1309
1312
1316
1338
1344
1346
1353
1357
1359
1366
1368
1373
1375
1378
1384
1386
1394
1398
1403
1426
1431
1441
1445
1446
1447
1457
1467
1468
1474
1477
1489
1492
1499
1501
1507
1510
1520
1522
1527
1529
1530
1540
1548
1550
1554
1556
1567
1572
1575
1578
1586
1602
1603
1605
1606
1612
1614
1633
1646
1649
1654
1661
1664
1667
1674
1675
1683
1689
1694
1705
1707
1711
1712
1713
1732
1740
1744
1745
1757
1758
1761
1769
1773
1782
1789
1790
1793
1795
1799
1806
1814
1818
1819
1821
1824
1826
1828
1841
1849
1860
1863
1868
1870
1876
1884
1885
1887
1893
1895
1901
1911
1915
1917
1924
1927
1937
1939
1944
1946
1953
1955
1956
1958
1965
1983
2013
2021
2031
2032
2053
2061
2073
2080
2083
2093
2128
2131
2147
2150
2158
2159
2174
2210
2211
2217
2220
2230
2232
2234
2243
2246
2249
2255
2263
2283
2287
2297
2315
2316
2319
2328
2330
2336
2349
2359
2385
2387
2389
2396
2402
2411
2416
2421
2427
2430
2450
2452
2465
2480
2484
2490
2494
2501
2508
2509
2510
2514
2527
2534
2545
2547
2548
2554
2567
2568
2580
2587
2590
2591
2603
2609
2613
2620
2632
2642
2648
2661
2715
2728
2730
2733
2739
2741
2746
2753
2757
2772
2787
2797
2798
2811
2812
2815
2819
2824
2827
2828
2829
2833
2838
2851
2862
2876
2878
2884
2894
2898
2912
2918
2942
2947
2948
2957
2958
2966
2979
2984
2990
2997
3004
3010
3012
3017
3031
3042
3086
3089
3109
3115
3116
3126
3129
3136
3137
3149
3150
3161
3169
3171
3172
3183
3197
3210
3224
3227
3238
3239
3240
3241
3252
3266
3286
3289
3300
3314
3319
3322
3325
3334
3335
3340
3342
3351
3354
3356
3371
3375
3388
3390
3396
3397
3400
3405
3408
3411
3424
3437
3439
3440
3442
3446
3450
3462
3463
3465
3469
3477
3478
3482
3489
3493
3497
3503
3510
3513
3517
3519
3523
3525
3528
3531
3554
3555
3568
3582
3593
3598
3608
3610
3622
3624
3637
3646
3654
3655
3664
3685
3688
3690
3698
3699
3700
3719
3731
3739
3762
3781
3787
3788
3803
3814
3835
3837
3844
3852
3855
3859
3860
3876
3886
3887
3889
3895
3904
3905
3910
3914
3916
3919
3923
3933
3935
3937
3940
3945
3962
3964
3968
3971
3983
3984
3987
3989
3994
4000
4001
4004
4005
4006
4008
4013
4017
4024
4031
4041
4057
4064
4076
4082
4086
4090
4104
4122
4128
4131
4132
4134
4144
4155
4161
4162
4164
4173
4175
4185
4194
4197
4209
4210
4211
4229
4235
4241
4243
4252
4261
4273
4278
4280
4303
4304
4308
4330
4332
4334
4336
4340
4356
4361
4362
4364
4368
4370
4383
4386
4395
4403
4409
4412
4417
4423
4427
4428
4431
4432
4451
4454
4455
4456
4458
4461
4492
4494
4499
4506
4510
4513
4516
4529
4545
4557
4559
4564
4569
4591
4594
4599
4602
4604
4608
4621
4624
4625
4627
4628
4629
4632
4635
4648
4662
4665
4666
4678
4679
4682
4686
4690
4696
4706
4711
4712
4715
4718
4719
4723
4726
4731
4732
4743
4750
4761
4767
4769
4775
4777
4779
4791
4795
4806
4808
4809
4817
4829
4831
4838
4841
4844
4855
4859
4863
4877
4881
4882
4886
4906
4914
4917
4919
4929
4933
4938
4943
4945
4949
4962
4968
4973
4990
4999
5003
5009
5011
5013
5016
5020
5022
5027
5035
5039
5045
5047
5049
5059
5062
5066
5074
5077
5091
5092
5095
5101
5102
5103
5112
5122
5124
5142
5149
5164
5167
5186
5194
5198
5202
5204
5207
5210
5211
5226
5229
5237
5240
5265
5266
5277
5287
5293
5311
5322
5326
5337
5340
5344
5353
5357
5364
5369
5370
5376
5391
5393
5395
5408
5414
5426
5430
5432
5437
5441
5447
5449
5458
5459
5475
5480
5481
5507
5518
5522
5529
5533
5536
5541
5543
5555
5567
5568
5570
5576
5578
5584
5594
5615
5616
5618
5619
5626
5628
5631
5635
5636
5637
5653
5654
5658
5673
5691
5699
5703
5719
5721
5728
5729
5745
5759
5763
5764
5766
5767
5768
5769
5773
5775
5794
5798
5800
5803
5805
5808
5813
5816
5829
5830
5832
5833
5837
5839
5841
5846
5857
5858
5866
5868
5871
5885
5886
5891
5893
5896
5899
5905
5909
5917
5926
5932
5937
5942
5952
5957
5984
5986
5989
5991
6000
6008
6017
6021
6022
6023
6024
6032
6041
6045
6054
6060
6061
6067
6068
6076
6080
6081
6094
6095
6098
6101
6112
6115
6123
6129
6139
6141
6151
6158
6161
6164
6167
6192
6193
6194
6201
6210
6213
6217
6224
6231
6233
6235
6236
6242
6245
6250
6263
6265
6266
6270
6273
6274
6282
6286
6289
6291
6299
6303
6312
6314
6317
6319
6320
6325
6330
6334
6344
6348
6351
6357
6360
6361
6368
6369
6373
6376
6381
6384
6391
6403
6406
6410
6412
6418
6424
6432
6434
6436
6448
6449
6452
6456
6459
6463
6469
6474
6487
6488
6498
6501
6503
6507
6510
6515
6517
6530
6535
6537
6540
6550
6552
6553
6558
6566
6571
6581
6583
6584
6590
6591
6592
6595
6599
6601
6602
6628
6638
6649
6650
6651
6665
6667
6669
6670
6672
6673
6675
6680
6682
6688
6701
6705
6706
6713
6723
6736
6737
6744
6745
6747
6749
6753
6755
6756
6758
6762
6764
6771
6773
6776
6798
6799
6805
6810
6821
6832
6837
6843
6844
6845
6856
6865
6866
6869
6871
6880
6881
6891
6893
6894
6895
6900
6910
6912
6914
6916
6920
6927
6930
6932
6936
6939
6940
6961
6975
6982
6984
6985
6988
6996
6999
7000
7008
7009
7017
7021
7032
7033
7035
7039
7044
7047
7049
7055
7059
7060
7064
7078
7081
7083
7087
7088
7091
7093
7099
7107
7114
7117
7123
7125
7133
7139
7141
7143
7148
7149
7152
7160
7161
7163
7169
7172
7173
7176
7178
7179
7185
7188
7192
7209
7214
7218
7220
7222
7224
7228
7231
7235
7243
7246
7247
7258
7262
7269
7273
7274
7279
7291
7292
7294
7300
7301
7320
7322
7324
7330
7336
7337
7338
7340
7341
7342
7343
7350
7353
7363
7367
7370
7372
7373
7379
7383
7384
7388
7395
7398
7403
7404
7419
7420
7423
7424
7431
7435
7437
7442
7459
7465
7471
7477
7478
7485
7486
7494
7502
7508
7516
7517
7528
7530
7534
7543
7547
7553
7559
7562
7569
7571
7574
7579
7583
7586
7591
7595
7596
7597
7598
7605
7615
7622
7625
7628
7630
7633
7635
7643
7648
7649
7653
7656
7657
7659
7660
7663
7677
7683
7685
7690
7701
7710
7714
7715
7724
7728
7733
7743
7744
7746
7750
7751
7754
7755
7760
7764
7766
7768
7770
7772
7773
7776
7777
7786
7791
7792
7794
7797
7799
7801
7803
7807
7810
7823
7825
7830
7835
7842
7846
7849
7854
7874
7875
7876
7878
7881
7883
7884
7890
7897
7900
7908
7910
7914
7930
7936
7938
7941
7947
7953
7958
7963
7967
7968
7969
7972
7974
7993
7997
7999
8001
8005
8009
8013
8018
8028
8057
8058
8061
8062
8067
8070
8077
8084
8086
8089
8091
8104
8107
8109
8112
8116
8117
8124
8131
8138
8139
8143
8146
8149
8163
8168
8172
8174
8176
8177
8187
8189
8196
8200
8205
8209
8210
8214
8222
8232
8241
8244
8247
8257
8258
8261
8263
8265
8284
8288
8289
8290
8292
8293
8294
8296
8297
8308
8312
8313
8315
8319
8320
8327
8328
8343
8348
8349
8352
8360
8362
8363
8377
8386
8392
8393
8395
8396
8397
8399
8406
8409
8411
8412
8418
8431
8435
8436
8446
8447
8448
8457
8463
8465
8468
8474
8476
8479
8480
8482
8486
8489
8497
8504
8520
8522
8524
8532
8534
8541
8543
8545
8548
8550
8551
8552
8555
8557
8559
8562
8564
8565
8568
8570
8577
8579
8580
8590
8596
8597
8603
8606
8607
8608
8615
8616
8617
8628
8632
8643
8650
8654
8658
8660
8670
8673
8676
8682
8687
8690
8696
8697
8706
8709
8714
8715
8725
8731
8732
8734
8743
8747
8752
8754
8765
8766
8782
8788
8792
8797
8802
8805
8806
8815
8816
8819
8824
8826
8835
8837
8843
8845
8846
8847
8853
8855
8859
8860
8861
8862
8867
8871
8873
8874
8875
8878
8882
8883
8884
8885
8898
8899
8904
8907
8909
8911
8912
8914
8918
8920
8933
8935
8946
8948
8954
8955
8956
8958
8965
8966
8977
8982
8996
9005
9006
9007
9013
9018
9025
9032
9033
9045
9046
9048
9052
9068
9086
9094
9104
9111
9113
9119
9122
9123
9129
9136
9142
9144
9146
9153
9156
9158
9172
9176
9177
9193
9197
9199
9200
9204
9210
9214
9223
9230
9233
9234
9237
9247
9249
9260
9267
9270
9271
9272
9276
9278
9279
9286
9292
9302
9304
9306
9317
9320
9323
9326
9337
9340
9350
9358
9364
9365
9367
9375
9386
9389
9399
9419
9420
9422
9425
9433
9435
9436
9438
9442
9444
9450
9451
9453
9454
9469
9478
9484
9486
9489
9492
9496
9499
9502
9518
9519
9526
9528
9531
9534
9535
9540
9548
9550
9556
9559
9560
9563
9568
9574
9576
9577
9580
9581
9591
9597
9602
9610
9614
9619
9622
9628
9638
9641
9642
9649
9660
9661
9668
9670
9671
9673
9674
9689
9692
9693
9694
9696
9703
9708
9711
9721
9723
9726
9728
9729
9731
9733
9747
9748
9749
9755
9761
9762
9765
9767
9771
9772
9773
9775
9776
9784
9786
9788
9789
9795
9798
9807
9812
9816
9818
9821
9822
9828
9831
9836
9839
9843
9847
9848
9851
9852
9855
9858
9862
9864
9870
9904
9907
9912
9914
9917
9925
9928
9931
9936
9937
9944
9949
9950
9951
9960
9963
9967
9971
9972
9976
9987
9990
10000
10003
10004
10011
10012
10021
10029
10040
10042
10046
10047
10052
10063
10072
10081
10082
10083
10088
10090
10098
10101
10108
10109
10112
10120
10121
10129
10133
10138
10146
10154
10156
10161
10165
10166
10167
10171
10173
10177
10182
10188
10195
10196
10197
10199
10208
10211
10212
10215
10222
10228
10231
10238
10240
10254
10262
10264
10270
10275
10278
10287
10288
10290
10294
10297
10301
10303
10315
10316
10322
10324
10332
10342
10344
10347
10352
10355
10358
10363
10364
10371
10379
10382
10383
10385
10391
10395
10402
10403
10408
10410
10413
10419
10422
10425
10427
10439
10442
10447
10451
10468
10469
10476
10477
10484
10491
10493
10494
10498
10499
10500
10503
10511
10517
10518
10522
10526
10528
10536
10537
10539
10543
10544
10573
10576
10577
10578
10581
10589
10596
10600
10601
10613
10614
10624
10632
10634
10642
10647
10654
10662
10663
10664
10665
10668
10678
10689
10692
10694
10699
10701
10703
10712
10714
10720
10722
10723
10731
10734
10738
10744
10748
10751
10752
10754
10756
10757
10764
10779
10784
10790
10794
10795
10796
10799
10805
10806
10814
10815
10826
10835
10838
10840
10848
10850
10851
10855
10856
10859
10861
10864
10870
10875
10885
10886
10894
10895
10896
10897
10899
10903
10907
10922
10927
10931
10940
10945
10948
10949
10950
10961
10968
10973
10982
10990
10994
11000
11002
11004
11006
11007
11010
11011
11019
11026
11038
11041
11043
11047
11050
11056
11061
11067
11076
11087
11091
11113
11115
11119
11125
11130
11132
11136
11139
11143
11155
11158
11169
11173
11177
11182
11186
11189
11194
11204
11213
11218
11219
11224
11225
11229
11230
11236
11239
11244
11249
11254
11257
11265
11268
11271
11276
11277
11280
11281
11290
11304
11307
11310
11316
11326
11330
11331
11338
11340
11346
11355
11364
11367
11370
11376
11382
11385
11393
11396
11398
11399
11407
11411
11414
11415
11417
11422
11424
11428
11432
11434
11435
11439
11441
11442
11443
11446
11447
11460
11469
11474
11485
11486
11498
11509
11525
11534
11546
11549
11554
11573
11576
11579
11589
11595
11607
11609
11617
11627
11630
11633
11635
11636
11637
11639
11640
11651
11659
11676
11677
11689
11692
11693
11699
11701
11704
11713
11718
11722
11726
11735
11743
11747
11757
11761
11763
11764
11765
11776
11777
11795
11798
11801
11802
11806
11807
11823
11838
11841
11842
11846
11859
11865
11870
11873
11882
11910
11914
11918
11921
11925
11933
11945
11946
11949
11950
11968
11969
11972
11974
11979
11988
11992
11995
12010
12022
12041
12043
12050
12055
12057
12075
12080
12081
12090
12097
12098
12101
12104
12114
12117
12118
12124
12128
12130
12133
12137
12138
12140
12144
12145
12147
12153
12159
12164
12166
12171
12174
12176
12187
12194
12203
12216
12219
12220
12225
12228
12229
12236
12237
12240
12242
12253
12257
12289
12292
12294
12295
12325
12326
12337
12339
12347
12348
12353
12357
12362
12363
12377
12378
12382
12383
12387
12389
12399
12406
12413
12418
12420
12423
12426
12440
12445
12448
12452
12462
12466
12468
12469
12490
12494
12497
12500
12505
12511
12513
12515
12528
12532
12540
12547
12550
12560
12574
12579
12587
12588
12590
12594
12611
12612
12613
12625
12627
12631
12633
12644
12646
12656
12657
12658
12660
12664
12666
12669
12671
12679
12688
12694
12702
12705
12713
12728
12731
12741
12752
12759
12767
12776
12782
12792
12794
12798
12801
12810
12817
12819
12832
12842
12853
12858
12865
12874
12889
12894
12896
12897
12899
12913
12915
12918
12922
12923
12924
12925
12928
12931
12944
12945
12949
12951
12952
12957
12970
12996
13027
13033
13034
13036
13038
13041
13051
13060
13065
13071
13073
13076
13086
13090
13092
13094
13108
13113
13118
13131
13137
13141
13144
13146
13152
13153
13158
13165
13169
13176
13183
13184
13190
13191
13195
13197
13200
13203
13204
13207
13208
13212
13215
13217
13222
13226
13230
13232
13235
13236
13238
13240
13246
13255
13258
13271
13272
13284
13285
13291
13303
13305
13318
13319
13321
13322
13329
13332
13336
13337
13340
13343
13346
13353
13356
13359
13360
13362
13363
13364
13374
13376
13381
13387
13388
13391
13396
13397
13400
13403
13406
13408
13410
13411
13422
13423
13425
13428
13434
13440
13448
13452
13459
13463
13468
13470
13471
13485
13488
13495
13496
13500
13503
13516
13526
13532
13538
13541
13542
13544
13551
13554
13560
13562
13567
13568
13571
13574
13575
13580
13585
13587
13601
13603
13609
13612
13614
13624
13637
13640
13641
13642
13649
13651
13653
13662
13667
13675
13681
13682
13694
13703
13704
13710
13714
13715
13717
13722
13724
13725
13726
13729
13730
13734
13739
13740
13746
13749
13751
13752
13755
13761
13774
13778
13779
13787
13805
13806
13807
13811
13826
13829
13832
13838
13850
13855
13858
13875
13882
13885
13897
13900
13901
13907
13912
13913
13916
13920
13927
13933
13934
13939
13944
13947
13954
13956
13971
13975
13976
13977
13978
13980
13987
13991
13997
14000
14002
14003
14007
14010
14013
14016
14018
14028
14035
14037
14038
14039
14048
14049
14054
14061
14063
14066
14068
14076
14081
14085
14098
14100
14103
14108
14121
14123
14127
14136
14146
14153
14160
14162
14169
14172
14175
14180
14184
14186
14193
14195
14196
14218
14225
14253
14258
14261
14265
14266
14267
14275
14276
14277
14278
14281
14286
14288
14290
14293
14294
14295
14307
14311
14316
14317
14319
14324
14325
14326
14332
14335
14352
14361
14362
14364
14374
14379
14392
14394
14397
14405
14407
14410
14416
14423
14429
14432
14440
14445
14448
14450
14466
14471
14474
14477
14480
14483
14490
14491
14496
14497
14508
14520
14528
14531
14539
14540
14547
14552
14556
14557
14577
14582
14590
14599
14606
14611
14617
14621
14622
14624
14627
14628
14644
14645
14657
14658
14670
14675
14684
14702
14703
14706
14713
14715
14718
14725
14734
14747
14748
14755
14756
14757
14759
14765
14767
14774
14775
14789
14792
14797
14800
14805
14806
14810
14811
14816
14824
14826
14842
14844
14845
14846
14850
14852
14853
14856
14862
14867
14877
14879
14882
14890
14894
14899
14904
14910
14921
14924
14925
14926
14934
14935
14942
14943
14947
14948
14950
14956
14964
14987
14998
15011
15024
15030
15035
15049
15051
15054
15055
15058
15066
15069
15070
15074
15100
15114
15115
15128
15130
15134
15142
15146
15149
15178
15182
15187
15188
15203
15215
15220
15225
15227
15229
15233
15234
15242
15255
15269
15277
15279
15290
15297
15298
15300
15307
15316
15322
15328
15361
15376
15377
15382
15412
15433
15435
15437
15447
15467
15470
15503
15505
15508
15535
15546
15547
15551
15553
15562
15567
15573
15586
15605
15612
15623
15624
15639
15643
15644
15645
15646
15647
15648
15649
15651
15657
15664
15673
15678
15679
15680
15684
15685
15695
15697
15703
15708
15710
15711
15718
15721
15726
15735
15736
15746
15751
15754
15756
15763
15766
15770
15775
15786
15805
15809
15812
15828
15832
15852
15856
15859
15864
15871
15876
15882
15885
15896
15908
15910
15914
15915
15916
15919
15934
15936
15939
15957
15959
15960
15966
15970
15997
16002
16029
16038
16042
16047
16051
16055
16064
16071
16084
16086
16088
16095
16102
16103
16110
16111
16113
16116
16117
16119
16127
16153
16154
16156
16159
16168
16175
16176
16194
16202
16218
16222
16224
16225
16234
16239
16247
16250
16253
16258
16259
16261
16274
16279
16280
16282
16290
16296
16300
16306
16312
16321
16329
16332
16335
16344
16345
16355
16362
16368
16370
16391
16401
16405
16415
16419
16422
16430
16433
16434
16443
16453
16454
16456
16482
16496
16497
16509
16510
16511
16512
16513
16517
16524
16531
16542
16544
16547
16560
16574
16586
16587
16591
16593
16600
16603
16604
16605
16616
16620
16623
16630
16635
16639
16651
16672
16673
16677
16690
16692
16696
16705
16708
16715
16726
16727
16728
16731
16744
16761
16763
16770
16788
16795
16798
16809
16812
16820
16838
16850
16851
16855
16859
16860
16865
16883
16886
16888
16889
16896
16898
16902
16910
16911
16914
16917
16920
16922
16925
16932
16935
16937
16941
16942
16945
16959
16970
16982
16983
16988
17001
17016
17018
17026
17032
17034
17038
17045
17046
17058
17060
17062
17068
17074
17075
17078
17081
17086
17088
17090
17094
17096
17107
17109
17117
17118
17121
17133
17136
17137
17143
17154
17160
17162
17165
17166
17173
17180
17182
17186
17195
17196
17197
17199
17200
17201
17205
17206
17216
17218
17221
17225
17230
17234
17240
17241
17244
17246
17250
17253
17255
17260
17261
17263
17264
17265
17271
17273
17276
17284
17290
17291
17292
17297
17300
17306
17307
17314
17323
17337
17338
17340
17341
17346
17347
17351
17354
17360
17372
17376
17380
17393
17400
17401
17405
17413
17415
17420
17424
17425
17436
17439
17463
17469
17477
17481
17484
17486
17489
17493
17496
17497
17498
17502
17504
17506
17516
17523
17525
17530
17531
17533
17540
17542
17555
17566
17567
17568
17577
17580
17585
17587
17592
17621
17622
17640
17641
17657
17661
17672
17681
17682
17692
17701
17707
17711
17729
17730
17731
17732
17741
17749
17752
17755
17757
17758
17759
17760
17766
17785
17791
17796
17803
17815
17817
17820
17822
17828
17836
17839
17843
17848
17850
17852
17864
17866
17870
17872
17873
17874
17884
17886
17895
17896
17897
17899
17905
17907
17909
17912
17921
17922
17925
17929
17934
17936
17938
17949
17950
17957
17963
17967
17970
17976
17985
17987
17991
17994
17998
18004
18009
18016
18019
18026
18028
18030
18033
18041
18043
18045
18052
18055
18057
18062
18069
18076
18077
18092
18099
18105
18113
18115
18116
18121
18127
18147
18157
18161
18171
18178
18184
18188
18189
18203
18208
18209
18210
18211
18219
18221
18230
18234
18237
18244
18247
18261
18265
18273
18276
18284
18288
18290
18295
18296
18297
18307
18314
18315
18316
18329
18332
18335
18338
18344
18345
18348
18353
18354
18356
18363
18383
18393
18399
18401
18407
18421
18432
18434
18440
18454
18469
18470
18476
18485
18491
18506
18509
18512
18520
18521
18523
18528
18540
18542
18543
18546
18548
18556
18557
18565
18569
18571
18578
18590
18599
18600
18601
18604
18607
18609
18611
18615
18628
18631
18637
18644
18646
18647
18648
18649
18660
18670
18672
18703
18707
18712
18715
18718
18720
18724
18731
18735
18739
18744
18745
18748
18750
18754
18755
18756
18769
18774
18777
18787
18790
18791
18800
18801
18807
18809
18814
18815
18823
18825
18831
18836
18837
18840
18841
18853
18858
18861
18869
18874
18875
18877
18885
18891
18893
18909
18915
18920
18924
18936
18954
18960
18962
18966
18968
18973
18977
18980
18982
18984
18989
18991
18993
18997
19001
19003
19004
19012
19024
19026
19027
19032
19033
19039
19048
19055
19064
19067
19084
19087
19093
19097
19110
19111
19115
19116
19131
19143
19147
19162
19169
19175
19187
19188
19191
19204
19209
19217
19224
19235
19237
19238
19247
19260
19267
19285
19287
19289
19290
19293
19305
19307
19308
19309
19310
19316
19317
19324
19325
19332
19338
19345
19346
19348
19355
19367
19373
19376
19377
19381
19383
19386
19406
19408
19417
19420
19423
19424
19425
19437
19440
19441
19442
19447
19449
19451
19452
19459
19461
19464
19469
19470
19474
19475
19479
19480
19488
19492
19493
19499
19506
19513
19515
19516
19517
19530
19543
19550
19568
19577
19578
19579
19581
19591
19597
19601
19603
19607
19610
19614
19615
19630
19631
19633
19640
19650
19655
19657
19658
19659
19663
19666
19670
19671
19678
19684
19692
19696
19700
19701
19706
19711
19712
19716
19717
19719
19723
19724
19737
19743
19753
19768
19769
19771
19774
19777
19787
19793
19798
19801
19808
19811
19814
19820
19837
19843
19848
19852
19853
19864
19875
19878
19884
19885
19891
19894
19897
19899
19900
19901
19902
19904
19910
19913
19920
19932
19936
19939
19942
19945
19960
19966
19972
19973
19983
19986
19991
19998
19999
20004
20007
20012
20015
20019
20022
20031
20044
20049
20054
20062
20079
20082
20088
20096
20097
20102
20103
20107
20110
20117
20120
20121
20127
20128
20130
20135
20146
20154
20156
20162
20167
20171
20180
20181
20185
20186
20187
20188
20191
20195
20199
20203
20211
20218
20220
20231
20234
20235
20245
20250
20255
20256
20261
20264
20267
20270
20276
20277
20279
20280
20282
20288
20290
20297
20299
20302
20303
20316
20319
20324
20326
20331
20336
20338
20343
20345
20347
20358
20360
20368
20371
20374
20375
20393
20395
20409
20411
20440
20444
20462
20472
20478
20481
20483
20485
20488
20492
20498
20504
20510
20513
20517
20523
20527
20543
20544
20545
20550
20551
20557
20558
20569
20571
20577
20579
20581
20584
20587
20592
20595
20597
20598
20603
20605
20610
20617
20626
20629
20636
20644
20648
20659
20676
20679
20680
20685
20697
20700
20705
20711
20720
20724
20728
20737
20747
20753
20754
20759
20760
20765
20773
20778
20781
20783
20790
20798
20800
20806
20807
20815
20823
20827
20829
20835
20836
20841
20845
20849
20858
20859
20867
20873
20876
20877
20881
20882
20904
20909
20914
20919
20920
20930
20938
20940
20944
20951
20958
20959
20970
20972
20975
20977
20982
20984
20985
20994
20995
20999
21001
21002
21004
21017
21020
21024
21028
21029
21035
21043
21044
21056
21067
21071
21073
21080
21082
21090
21095
21096
21098
21100
21103
21116
21118
21120
21123
21127
21128
21131
21132
21135
21136
21152
21155
21156
21162
21170
21173
21177
21188
21192
21194
21195
21198
21202
21208
21210
21215
21217
21219
21220
21224
21233
21235
21237
21238
21245
21250
21253
21261
21263
21267
21272
21275
21280
21286
21291
21292
21298
21299
21305
21311
21312
21321
21323
21328
21334
21340
21352
21360
21362
21371
21386
21388
21395
21398
21403
21410
21411
21413
21415
21416
21427
21431
21435
21436
21440
21445
21449
21461
21470
21472
21474
21488
21489
21493
21502
21508
21513
21514
21520
21522
21525
21526
21529
21532
21533
21538
21549
21565
21572
21580
21582
21587
21594
21602
21610
21612
21618
21619
21624
21625
21626
21628
21629
21633
21634
21637
21649
21660
21668
21670
21675
21677
21681
21689
21699
21703
21715
21717
21733
21740
21752
21774
21779
21784
21793
21794
21802
21807
21810
21811
21814
21817
21819
21821
21829
21830
21840
21845
21850
21862
21863
21864
21868
21875
21876
21880
21887
21888
21892
21893
21895
21896
21902
21923
21928
21931
21932
21940
21941
21947
21964
21973
21982
21983
21985
21994
22011
22012
22014
22019
22027
22029
22032
22033
22039
22043
22044
22061
22089
22099
22104
22105
22106
22109
22114
22117
22130
22142
22151
22153
22156
22165
22170
22199
22205
22206
22238
22241
22248
22250
22262
22265
22270
22272
22289
22293
22295
22302
22306
22308
22312
22313
22318
22325
22328
22347
22348
22349
22355
22357
22364
22374
22384
22393
22400
22402
22419
22427
22446
22448
22472
22476
22479
22502
22514
22517
22533
22543
22546
22547
22549
22552
22554
22564
22575
22579
22580
22582
22588
22590
22598
22603
22604
22608
22612
22613
22618
22634
22650
22656
22660
22661
22668
22670
22672
22676
22686
22694
22697
22700
22702
22705
22711
22715
22720
22734
22736
22739
22756
22775
22781
22796
22799
22807
22821
22827
22829
22830
22848
22850
22860
22868
22869
22880
22887
22888
22896
22901
22903
22904
22908
22912
22913
22919
22924
22925
22927
22930
22932
22933
22935
22937
22948
22951
22952
22960
22970
22971
22973
22985
22986
22988
22989
22991
22992
22994
23005
23008
23010
23014
23016
23017
23018
23025
23026
23033
23035
23043
23045
23049
23056
23058
23065
23067
23069
23071
23076
23081
23103
23110
23112
23117
23122
23126
23128
23129
23134
23135
23140
23147
23150
23151
23152
23154
23156
23157
23163
23166
23169
23170
23179
23182
23184
23189
23190
23198
23205
23215
23217
23219
23225
23226
23230
23234
23238
23241
23243
23245
23254
23260
23265
23269
23270
23283
23284
23287
23288
23295
23304
23307
23312
23315
23316
23318
23319
23322
23325
23330
23332
23337
23339
23343
23346
23354
23358
23374
23380
23383
23390
23401
23405
23413
23414
23416
23419
23421
23426
23430
23432
23435
23440
23445
23447
23449
23469
23471
23472
23476
23477
23481
23483
23491
23497
23498
23500
23503
23513
23515
23517
23523
23524
23535
23542
23546
23552
23553
23565
23572
23590
23591
23594
23600
23605
23606
23608
23609
23613
23617
23618
23624
23629
23633
23634
23636
23637
23640
23644
23653
23654
23658
23659
23669
23670
23673
23685
23686
23689
23704
23707
23710
23721
23730
23732
23733
23737
23738
23742
23743
23758
23764
23770
23771
23777
23787
23789
23797
23801
23810
23812
23814
23821
23823
23826
23827
23833
23837
23839
23840
23841
23845
23846
23847
23849
23853
23859
23860
23871
23873
23875
23880
23883
23884
23888
23890
23892
23894
23897
23898
23906
23907
23908
23915
23919
23924
23929
23932
23935
23938
23940
23941
23942
23944
23958
23960
23961
23962
23968
23970
23971
23977
23981
23983
23991
23993
24000
24009
24012
24015
24017
24019
24028
24031
24041
24055
24057
24060
24063
24065
24067
24071
24072
24074
24088
24091
24092
24105
24106
24107
24108
24111
24123
24125
24136
24138
24141
24145
24149
24156
24163
24164
24168
24176
24179
24187
24189
24204
24209
24216
24217
24222
24223
24240
24248
24250
24253
24256
24272
24273
24274
24286
24290
24295
24300
24301
24304
24307
24308
24313
24316
24317
24318
24319
24320
24329
24331
24333
24339
24341
24345
24349
24354
24356
24360
24377
24378
24384
24385
24386
24387
24390
24392
24394
24395
24399
24405
24409
24410
24414
24419
24425
24426
24427
24429
24430
24432
24435
24437
24449
24450
24472
24473
24487
24491
24501
24510
24530
24532
24539
24542
24543
24548
24555
24556
24558
24560
24562
24564
24565
24573
24574
24583
24587
24592
24595
24598
24601
24605
24607
24617
24618
24626
24629
24630
24632
24634
24641
24644
24645
24649
24653
24657
24659
24662
24666
24676
24683
24684
24686
24702
24703
24709
24710
24720
24725
24731
24732
24733
24735
24741
24743
24747
24760
24761
24764
24766
24774
24777
24781
24782
24785
24790
24794
24802
24815
24817
24820
24822
24829
24833
24841
24843
24846
24848
24850
24853
24855
24857
24861
24862
24869
24880
24882
24883
24884
24890
24896
24899
24902
24906
24915
24917
24927
24928
24940
24941
24948
24949
24953
24958
24960
24961
24963
24969
24971
24972
24979
24980
24981
24983
24985
24989
24990
24991
24996
24997
25003
25007
25008
25010
25011
25015
25016
25024
25025
25026
25027
25030
25032
25034
25040
25042
25043
25046
25047
25049
25051
25059
25065
25066
25067
25069
25076
25080
25085
25091
25094
25096
25105
25106
25110
25111
25112
25114
25117
25121
25125
25126
25135
25136
25138
25139
25140
25142
25145
25150
25151
25169
25170
25172
25174
25175
25184
25189
25191
25192
25193
25195
25197
25204
25209
25211
25229
25231
25246
25247
25248
25249
25250
25254
25263
25273
25277
25280
25289
25290
25295
25298
25302
25305
25308
25310
25311
25315
25320
25324
25327
25335
25342
25343
25344
25352
25354
25360
25375
25377
25386
25388
25391
25410
25413
25419
25420
25422
25423
25428
25435
25441
25445
25448
25457
25460
25477
25485
25489
25494
25497
25501
25505
25507
25508
25513
25526
25538
25546
25548
25550
25551
25553
25554
25555
25565
25571
25573
25576
25579
25581
25584
25585
25592
25596
25597
25599
25600
25602
25605
25610
25612
25616
25621
25622
25625
25628
25633
25636
25641
25643
25644
25649
25655
25665
25668
25670
25682
25685
25698
25700
25703
25708
25713
25714
25719
25722
25725
25728
25730
25740
25747
25751
25752
25759
25761
25762
25763
25768
25769
25774
25775
25776
25778
25785
25787
25788
25789
25791
25796
25800
25808
25811
25815
25824
25832
25834
25840
25855
25866
25869
25873
25874
25880
25881
25883
25891
25895
25899
25907
25910
25911
25913
25917
25918
25926
25931
25934
25940
25942
25943
25950
25953
25965
25977
25980
25995
25997
26000
26005
26008
26011
26012
26017
26032
26035
26040
26043
26050
26057
26061
26062
26063
26068
26069
26072
26077
26083
26084
26089
26102
26110
26116
26120
26121
26139
26143
26151
26156
26162
26163
26171
26175
26177
26183
26189
26201
26202
26210
26216
26219
26221
26226
26231
26239
26240
26242
26250
26257
26258
26260
26270
26271
26272
26278
26284
26288
26293
26298
26303
26310
26314
26318
26324
26325
26328
26330
26333
26334
26342
26347
26349
26353
26357
26362
26366
26374
26382
26513
26533
26565
26566
26596
26614
26632
26999
27148
27233
27322
27452
27524
27557
27694
27741
28404
28471
28487
28567
28644
28672
28689
28793
28795
28893
28901
29121
29132
29345
29400
29421
29476
29544
29809
30000
30038
30478
30584
30710
30755
30786
30790
31254
31693
31739
32006
32013
32020
32024
32087
32205
32253
32268
32269
32299
32436
32548
32581
32586
32607
32678
32759
32762
32837
32841
33142
33149
33363
33369
33403
33443
33528
33571
33573
33708
33776
33779
33838
33905
33953
33966
34015
34052
34163
34179
34247
34281
34329
34495
34532
34575
34613
34652
34764
34827
34892
35110
35171
35397
35431
35483
35484
35651
35709
35735
35779
35819
35886
35942
35978
36088
36107
36190
36289
36458
36467
36474
36608
36677
36935
37005
37027
37046
37404
37416
37449
37487
37598
37615
37647
37772
37830
38001
38038
38081
38109
38203
38221
38402
38417
38455
38526
38643
38691
38772
38914
38920
38928
38966
38971
38977
38993
39152
39201
39371
39378
39473
39475
39499
39657
39684
39760
39956
39961
39977
40130
40147
40149
40304
40401
40506
40637
40838
40915
40949
41461
41466
41517
41564
41618
41630
41777
41968
42066
42145
42155
42475
42994
43790
45557
45636
46372
46493
46749
47154
47331
47366
47623
47638
48594
48615
48791
48832
48838
49588
52160
52687
52703
53080
53502
53586
53705
53855
53933
54630
54750
55051
55355
55413
55906
56632
56673
57256
63856
67973
67990
68129
68160
68263
68365
68377
68418
68437
68526
68651
68673
70109
70136
72711
72761
75404
76828
79034
79983
80834
81325
81390
81642
83404
84666
84912
84958
85618
86488
86743
87692
87908
87948
88323
88716
94876
95517
98038
101762
102705
103613
105459
106960
109627
111898
112827
113240
113483
114048
116808
117059
117411
118790
123766
126439
126664
127301
129424
129434
131067
131683
131702
131744
133084
133416
134984
136799
